8550 2080 10
8489 2194 10
8613 2219 10
8462 1971 10
8592 2136 10
8525 2077 10
8550 2141 10
8572 2113 10
8490 2174 10
8550 2041 10
8501 2124 10
8493 2160 10
8497 2011 10
8511 2003 10
8541 1943 10
8501 2158 10
8604 2020 10
8505 2192 10
8595 2288 10
8620 2124 10
8538 1936 10
8530 2135 10
8478 2017 10
8467 2021 10
8626 2094 10
8468 1892 10
8463 2034 10
8572 2232 10
8594 1881 10
8538 2112 10
8501 2121 10
8745 2091 10
8484 1979 10
8588 2117 10
8604 2229 10
8596 2086 10
8697 2162 10
8496 1950 10
8537 1992 10
8515 2061 10
8606 2239 10
8458 1906 9
8545 2076 10
8531 2171 10
8583 2201 10
8592 2136 10
8635 2175 10
8634 2191 10
8596 2119 10
8562 2004 10
8598 2227 10
8576 2095 10
8486 2096 10
8526 2187 10
8514 2040 10
8528 2220 10
8521 2076 10
8519 2031 10
8497 2104 10
8601 2198 10
8521 2105 10
8501 1959 10
8514 2124 10
8561 1976 10
8517 2111 10
8473 1886 10
8576 2039 10
8632 2065 10
8524 1969 10
8616 2097 10
8505 2079 10
8520 2204 10
8576 2265 10
8520 2185 10
8599 2029 10
8452 1964 10
8613 2271 10
8615 2207 10
8493 2035 10
8479 1990 10
8560 2207 10
8539 2212 10
8595 2260 10
8548 2168 10
8641 2215 10
8568 2031 10
8576 2048 10
8584 2028 10
8565 2066 10
8519 2115 10
8636 2193 10
8594 2067 10
8454 1826 10
8480 2092 9
8400 1887 10
8511 2052 10
8650 2187 10
8529 2102 10
8572 2190 10
8535 2031 10
